1  0421132313                     Citibank                      160620220909TH0000000000
2          CENTRAL   Citibank
5          00000000                1Citibank
600000000                1    100000000            CASH 004                                     THBCSH       16062022
                                        20.00
7          00000000                1            20.00
5          00000000                2Citibank
600000000                2    100000000            CASH 004                                     THBCSH       16062022
                                        20.00
7          00000000                2            20.00
5          00000000                3Citibank
600000000                3    100000000            CASH 004                                     THBCSH       16062022
                                        20.00
7          00000000                3            20.00
8                    60.00
9    34