1  0821049172                     Citibank                      170620220847TH0000000000
2          CENTRAL   Citibank
5          00000000                1Citibank
600000000                1    100000000            CASH 004                                     THBCSH       17062022         0.00          0004            000                 00000000000000000                                                                                   400600000000000000                                                                        004                 400600000000000000                                                                                                                                                                                                                                                                                                                                                                                                                  53000219002270222   K0XX0813K0XXXXXX00000000                                                                                                         27022022                              004                                                                  0.00
7          00000000                1            0.00
5          00000000                2Citibank
600000000                2    100000000            CASH 004                                     THBCSH       17062022         20.00          0004            000                 00000000000000000                                                                                   400600000000000000                                                                        004                 400600000000000000                                                                                                                                                                                                                                                                                                                                                                                                                  53000219002270222   K0XX0813K0XXXXXX00000000                                                                                                         27022022                              004                                                                  20.00
7          00000000                2            20.00
5          00000000                3Citibank
600000000                3    100000000            CASH 004                                     THBCSH       17062022         20.00          0004            000                 00000000000000000                                                                                   400600000000000000                                                                        004                 400600000000000000                                                                                                                                                                                                                                                                                                                                                                                                                  53000219002270222   K0XX0813K0XXXXXX00000000                                                                                                         27022022                              004                                                                  20.00
7          00000000                3            20.00
5          00000000                4Citibank
600000000                4    100000000            CASH 004                                     THBCSH       17062022         20.00          0004            000                 00000000000000000                                                                                   400600000000000000                                                                        004                 400600000000000000                                                                                                                                                                                                                                                                                                                                                                                                                  53000219002270222   K0XX0813K0XXXXXX00000000                                                                                                         27022022                              004                                                                  20.00
7          00000000                4            20.00
5          00000000                5Citibank
600000000                5    100000000            CASH 004                                     THBCSH       17062022         20.00          0004            000                 00000000000000000                                                                                   400600000000000000                                                                        004                 400600000000000000                                                                                                                                                                                                                                                                                                                                                                                                                  53000219002270222   K0XX0813K0XXXXXX00000000                                                                                                         27022022                              004                                                                  20.00
7          00000000                5            20.00
8                    80.00
9    9