1  0421132313                     Citibank                      170620220849TH0000000000
2          CENTRAL   Citibank
5          00000000                1Citibank
600000000                1    100000000            CASH 004                                     THBCSH       17062022         20.00          0004            000                 00000000000000000                                                                                   400600000000000000                                                                        004                 400600000000000000                                                                                                                                                                                                                                                                                                                                                                                                                  53000219002270222   K0XX0813K0XXXXXX00000000                                                                                                         27022022                              004                                                                  20.00
7          00000000                1            20.00
5          00000000                2Citibank
600000000                2    100000000            CASH 004                                     THBCSH       17062022         20.00          0004            000                 00000000000000000                                                                                   400600000000000000                                                                        004                 400600000000000000                                                                                                                                                                                                                                                                                                                                                                                                                  53000219002270222   K0XX0813K0XXXXXX00000000                                                                                                         27022022                              004                                                                  20.00
7          00000000                2            20.00
5          00000000                3Citibank
600000000                3    100000000            CASH 004                                     THBCSH       17062022         20.00          0004            000                 00000000000000000                                                                                   400600000000000000                                                                        004                 400600000000000000                                                                                                                                                                                                                                                                                                                                                                                                                  53000219002270222   K0XX0813K0XXXXXX00000000                                                                                                         27022022                              004                                                                  20.00
7          00000000                3            20.00
8                    60.00
9    7