1  0821049172                    Citibank                      010820222001TH0000000000
2          CENTRAL   Citibank
5          00000000                0Citibank
600000000                0    100000000            CASH 004                                     THBCSH       01082022         120          0004            000                   00000000000000000                                                                                   400600000000000000                                                                        004                 400600000000000000                                                                                                                                                                                                                                                                                                                                                                                                                  53000219002270222   K0XX0813K0XXXXXX00000000                                                                                                         27022022                              004                                                                  120
7          00000000                0            120
5          00000000                1Citibank
600000000                1    100000000            CASH 004                                     THBCSH       01082022         200.5          0004            000                   00000000000000000                                                                                   400600000000000000                                                                        004                 400600000000000000                                                                                                                                                                                                                                                                                                                                                                                                                  53000219002270222   K0XX0813K0XXXXXX00000000                                                                                                         27022022                              004                                                                  200.5
7          00000000                1            200.5
5          00000000                2Citibank
600000000                2    100000000            CASH 004                                     THBCSH       01082022         570          0004            000                   00000000000000000                                                                                   400600000000000000                                                                        004                 400600000000000000                                                                                                                                                                                                                                                                                                                                                                                                                  53000219002270222   K0XX0813K0XXXXXX00000000                                                                                                         27022022                              004                                                                  570
7          00000000                2            570
8                    890.50
9    9