1  0821049172                    Citibank                      0808202226TH0000000000
2          CENTRAL   Citibank
5          00000000                1Citibank
600000000                1    100000000            CASH 004                                     THBCSH       08082022         120.00           0004            000                 00000000000000000                                                                                   400600000000000000                                                                        004                 400600000000000000                                                                                                                                                                                                                                                                                                                                                                                                                  53000219002270222   K0XX0813K0XXXXXX00000000                                                                                                         27022022                              004                                                                  120.00
7          00000000                1            120.00
5          00000000                2Citibank
600000000                2    100000000            CASH 004                                     THBCSH       08082022         200.50           0004            000                 00000000000000000                                                                                   400600000000000000                                                                        004                 400600000000000000                                                                                                                                                                                                                                                                                                                                                                                                                  53000222002270222   K0XX0813K0XXXXXX00000000                                                                                                         27022022                              004                                                                  200.50
7          00000000                2            200.50
5          00000000                3Citibank
600000000                3    100000000            CASH 004                                     THBCSH       08082022         570.00           0004            000                 00000000000000000                                                                                   400600000000000000                                                                        004                 400600000000000000                                                                                                                                                                                                                                                                                                                                                                                                                  53000223002270222   K0XX0813K0XXXXXX00000000                                                                                                         27022022                              004                                                                  570.00
7          00000000                3            570.00
8                    890.50
9    9