1  0421132313                    Citibank                      0808202226TH0000000000
2          CENTRAL   Citibank
5          00000000                1Citibank
600000000                1    100000000            CASH 004                                     THBCSH       08082022         170.00           0004            000                 00000000000000000                                                                                   400100221510002210                                                                        004                 400100221510002210                                                                                                                                                                                                                                                                                                                                                                                                                  33000006002270222   K0XX0813K0XXXXXX00000000                                                                                                         27022022                              004                                                                  170.00
7          00000000                1            170.00
5          00000000                2Citibank
600000000                2    100000000            CASH 004                                     THBCSH       08082022         325.25           0004            000                 00000000000000000                                                                                   400100222510000060                                                                        004                 400100222510000060                                                                                                                                                                                                                                                                                                                                                                                                                  33000006002270222   K0XX0813K0XXXXXX00000000                                                                                                         27022022                              004                                                                  325.25
7          00000000                2            325.25
5          00000000                3Citibank
600000000                3    100000000            CASH 004                                     THBCSH       08082022         275.75           0004            000                 00000000000000000                                                                                   400100222530000260                                                                        004                 400100222530000260                                                                                                                                                                                                                                                                                                                                                                                                                  33000037002270222   K0XX0813K0XXXXXX00000000                                                                                                         27022022                              004                                                                  275.75
7          00000000                3            275.75
8                    771.00
9    9