1  0421132313                    Citibank                      010820222001TH0000000000
2          CENTRAL   Citibank
5          00000000                0Citibank
600000000                0    100000000            CASH 004                                     THBCSH       01082022         170          0004            000                   00000000000000000                                                                                   400600000000000000                                                                        004                 400600000000000000                                                                                                                                                                                                                                                                                                                                                                                                                  53000219002270222   K0XX0813K0XXXXXX00000000                                                                                                         27022022                              004                                                                  170
7          00000000                0            170
5          00000000                1Citibank
600000000                1    100000000            CASH 004                                     THBCSH       01082022         325.25          0004            000                   00000000000000000                                                                                   400600000000000000                                                                        004                 400600000000000000                                                                                                                                                                                                                                                                                                                                                                                                                  53000219002270222   K0XX0813K0XXXXXX00000000                                                                                                         27022022                              004                                                                  325.25
7          00000000                1            325.25
5          00000000                2Citibank
600000000                2    100000000            CASH 004                                     THBCSH       01082022         275.75          0004            000                   00000000000000000                                                                                   400600000000000000                                                                        004                 400600000000000000                                                                                                                                                                                                                                                                                                                                                                                                                  53000219002270222   K0XX0813K0XXXXXX00000000                                                                                                         27022022                              004                                                                  275.75
7          00000000                2            275.75
8                    771.00
9    9